101100011
100111
101111110
111010011
011011
01010101
101101
01100
00111
11110101
0111011
0001010011111
00100011110
1101011
000100101010
0111110
00111101110
0110010
1111011101
00001100
1101000
01100000110
11000
10101
001110011
100001111111
0001100100
1110000111
10011
011101110
1100110
010100
0100001
0001010001
0101000
011100100
001100010
1100000
0000001001
101111100
1111000
0001011111
11111100
0011101
10010000
10100111
0000101
0011111101110
00100011011
01011
111111110
011
000101101111
111110
1011010
0011000011
1101010
01110110
1100111
1001
000010110
101000101
11100
1100001001
001100
1101100010010
1101010100
011111
001010010
111111000
11010
0010100
0011111101
11010010
00110011
00101
01110
1111110001
100
000011101000
0000
110010100
000011100
11001
1010011
0110010101
100110110
1011000
0000100101
0000101
111111001
1010010
010010101
11010
101010011
10110110000
100011
11011
01011111
1001001101
010111100001
1111000
00101010
01011
110110
010110101
100010111
0011011
101101101
10100001
00011000
010011001001
110000100
11001101
10111111
100000
1000011101
01010110
00001000000
10011000
001010
011110110
110101111
00011100
100001
00111101
00101011
110
00110110010
1000000
100011
0111111
10111010
1000
00101110
10100000
1101100101
01011101
010010100
100101001
111011001
11001010
01010
0111001
111
00110010010
1110101
00
011100010011
11001001
010001
1011000
0000111
110111010
00111001100
011011
011011
1101101001100
10000
11000011
00000001
011000101
110001
000110011
001011000
010101001
001011101
1000001110
0110100
1110011
1000011110
0000101000
0001111
101000101
1111011011
10110110
11110111010
0011101001
01101001
00100111110
1111101
001001
101110111
01000101
00101010
01101111
110110111011
011111
111010110
10111111
111000
1011011
101111
101001
11100
111101
10111100
011110011
001010011
11001100
110011001
10100110
10110000
1110001001
1101001010
0110001001
0110101001
10111010000
1101000
110010
010110
00101110
000011
0011110
0100011000
110101101
10110011000
0001001
0110000100
1111001110
00100010
1010
111110010
1001010101
0111011
100111
10111100
111110
00111
010011
1100000
101011
110101
1110111001
100000010
01001010011
000011
01110
111
01001100
00010100
1101111
0110100
001001
110000111
000101010
1101100
1010000100
110111000
1101001
11000110
11000111011
01111001
00011000
0111011
0011111
10110
01100111
01110
011001
00010100
011001001
1010111
100011
0111000
11110011
0101
01111
0100100111
011000
010110
0100100
101110010
00010110
10000011
111100100
00000
110011
0101101
101011
000100
010100000
110000111
10101010
00010000001
01011111
01010
01100100001
0101001110
1101001
00011010
011001
011011001
010000100
1000110001
10011100
10010001011
10010100
1111001100
11001000
1001101
011110
010010
000111110
0100
00001001
1110011
1101111000
0100
11100110
1011000
00100000
0101
111001011
1010000
01111011
11011
1111010
01011
011011110
1011010
11101010
1000
0000110
110111
00110
11100100111
110000110
0011111010
11011101
010001
10000111
0010101
00101011
0001000
01010001110
111010101
0101011
11111
1111001000
101111110
10100100
11000100
110
101011101111
111101
011110
010001111
11011101
01001011001
10111111
10000011
11010110
101010111
00000101110
00010000010
10111001
100100110100
000001
001110
011011100
011101
10000011
00111010
000110010
100110110
101111010
10010110
01010000101
111111
00011100
0011
000101
010000110
0000010010
01001
0101001
010100
01110000
00001
000
000110100
010001110
011000010001
001110
11011001
101000
001001100
1100010001
10100111
00100010
010111
1111011
1000011010
001000110
000100
000101
1111
11000111
100000
1000000011001
111111011
01101
000011011
00000011
011000111
011011110000
0010110010
0000011000001
101011
1000001
01101
0101011100
010010111
0101010
00101000
0111101
11010001001
0010111110
0010110000
010100
0010001010
010100
1101101
0010011
01011101000
1000100
10011
010001100
1111110
110101000
111101001
10010111101
01010010
0011011000
1101001
1111011
1100000011
011101000
01001011
100111
10001110010
01101000110
1101011011000
10000111111
111011001
10111110
01100010010
010100010
010101111
10011000111
101010101
00001111101
10111
0111111
1101110
011000
0001110001
000111001
0010010100
000011110
1111100
010110110
010101
01101101110
000110010111
010101
1010110
00111000011
1001001
101011001
11111010
0000001
11010100
00101
101000001
0010
01001101101
0110100001
110110
101000101
010011110
1100010111
0100100000
01101001
110011101
1000000
1001011100
11101000
110010011
10100100
11111101111
1001
111011000
001010
1110010010
0001100111
100111101111
0000010001
0101011010
10000111
0101101001
100011010
1110110
0110001110010
11001
10101000
1000101
100100
0011010010
000001110
001000000
010111110010000
101111000
001010110
1001100110
11110
00010
100001101
001100110000
101001
001110
0011101011
1000110111
10111100
1100001110
00101001111
00100
000
00010
001001100
01101100101
111110
11000000
110000
11111110111
1101001101
0100000101
000110
110000
110011100
010101
1010001
110101
01001010111
11001011
00000001
0001010
01111011
10100100
100101000
001000
1011100
110110
000100100000
1000001010
0100110101
001110010
110011110
1
00100001
1110011111
001111
010100
001000011
110010101
110111
01011011
111000011110
100000010
1110111
0010101
1011010
01100110100
1100100100
001111
000011100
0001011001
001001
1010001001
00001011
01001010
100101111
1000
1001101
101001
101000
01101101
0011111001
111111001
1101111
0010110111
10001
10100100110
110110100
1001000001
00010000
00010010
010111
11111101
10010001
1001
1011001
01011101
0100110
1000011
110111010001
1110011100
10001111111
00110001
01111011
0000111
00101100
1011010
100100111010
00101
10010111
11001011
0110100101
10111101001
00010111
10110000
101001
110101010101
0111001011
000100101
10100
110010011
1101001
10101010111
10001100111
0010010
0000100011
101100001
10100001
10100
00000101
1010000
1100010000
101100100
110010100
1110001
101101100
01110
001010001
01110011110
0001011
101000101
11111000011
0001100
1100011101
0001
1111101
011
00010101
10011010
10001000
10010001
0010010
1011000
00111
011001110
0100001
0010111
111001
1110000010
01110000
11001100
110000011
1100011
000000
100100
111110
1011001
0100110
1111011
0011011
000010
011111111
101010
111110
1111110
000000111
110010
10110010
01001001
0100010001
0101101001
0000101101000
0010
01101101
1001100000
010101
01110100
100011
00101
001000110000
00101000101
010110110
110010010
01110110
010111011101
1100101
10110111
111011010
11110001
011110001
100011010
010010
111110001
10001101101
010010
0011011010
0100111111
10000111
010100
11110111
110001010
001
10010010
0101111101
0011111011
0100111
110011111
1111111
01101
00101
111011
001110
1110001
11110101011
1001100
10011
00011000111
10011100110
0010111000
000101011
1100
010111
010101001111
0010111
010100
0110000111
10011101
01000100
0001111
0110100010
10101101
0011000111
01001010001
01111011
0001011
10110101101
001001100
00001110
10010001
11000011
10100000
010110
010100
01001000
11101111
110101101
111101111
00101100
11000001
1010101011
1100001010
1111100
1101101
01011010
00101001
111011
011000010
1010110101
101101
0000111
1010100
0000111011
00010001
01001110101
1100101
000011
001111
01011
1011011
1001110
1100100
000111111
01111110
000100
1101111
1000111
100101
00110100011
00110
110001
11011
000010
01110110
00111000
1110111
0100111
11000
11011001
111010
000101
01011100001
00100100
1101011
1110001
0001100100
0110000011
0000
1100000
11100001
0001000
10000100110
0101100101
11010110
0011110
00111
11110011
0110
0011011
01110
0001001100
11011110
10101
110100
0010110
001001100110
111000
1001110
101100110
011010000
100101111
00011
0101100000
110111101110
0101101000
0111001
00001
0111001110
1110111
0001000
11110001
1100100101
11000010
1000110
110111110
0100011011
0011
0011101
00010
01010100
011001001
1101
100110
101001
1101100
11000101
10100100
11100111101000
00010001
100010
000011
110110011
0010
0100011010
0010111101
1101000101
11111111000
10001011
11110111
00110011
111010
110100
00111001
001111001
01011
11101100
111011101101
010
0111101
01111110
010101111
0110100
0110100011
101100
110010011
111100
0010001
01001110
011110100
0000101101
0011011010
0011001100
001111
011101
110110000
001
10001010
010111101101
1001111001
1111100
00110011
110011010
11001111
000001110
0100011011
1001001
001110
1000101001
0111111100
00000010
0010100001
00101111
011000
0101
1011101111
0000000
1100111001
110001000
1111110100
000010111000
110011
101
010111111
010001011
11000111
01010
001011
010011
100011000
01001110
0010011100
001001
00010011
11101
10111001000
1111100
11001010100101
00000101
0111010
10111010101
110101011
100100
100011
1111000100
0001000
010010111
1100001
001100100
000011
111001001
100011100
0110110
10001
11101000
10110100
011001100
101111
00010000111
011001
0001001100
11110010101
0101101
111110
0110100
0111011010
110000110
10100110
0111100000
0001000011
10100
10111
0101010
011100110
1011000
1000100000
10101
01110100110011
01101010
1101010
0111001100
100111111
110001
001001100
0111111
00000100
000111101
10100000
10000011
10001101
01000100
01000001011
0011000000
010110
11110001
00001
101010100
0110011001
111001
0001110101
0001111
01111101010
00100000101
11001111
0101000
1010001
00111001
1010111001
0100
1110
00001001
0110010
110100
0001101001
0010001011
00000
01111100
111000
0110110
01001
0100100111
1110111
110110001
11101
101010
0011010
10001011
01000000100
01100
001101100010
0010001000
110110
00001010
11100101
1100100001
0100001
011010
010000111
1110100
11000011
0011000111
0010111
11110001
1111011101
01011
1100110
10110111
010110011
00100101101
0010011011
100111
1101001001
10110110
110
110
1010000000
010011
100001
1101
100101
0010011010
000
110010001
111010
1110101
101
101011
0100000
111111
101
0110110
001001100
01111
11100011
00110111
01110
00110100
11101011
00100110
000110100
00001110100
0010111001
01101
1100001000
001100
010110
0000
0000111000
1011000111
00010
110101001
0110110110
0101101110
111000011111
110100
010110
0010000
000110
001111
0010110
0011010101
1000000001
001100
01100
0011011000
01011010100
0101
0000101
10100
1101
1010000001
100000
10011000111
1001111
11110001
011000100
0101000100
0011110101
110101
01101
0101111
1100
110110100
000111100
01101001
01000100100
100001111011
100011010
0100000101
1100100
0111010
0011110111
110101101
11000011
010001101
1100101111
0100010
0110111010
0101101
10100010
01000100
001001010
00111010
01010011
10001001
1110100
0110100
110010
01011101
1101001
100100
10001110111
0011011
1101
10111111
011010111
0100001001
000
010010
001110
10000
111101001
1111110
1001101101
1011001
1101001
000000
0111101
0011001
1101000110
10011
10011110
1000101
1110011
111101110
10001010
11111111
11111101
000100110
00111
00011000
11000110
0011101101
001000011
01001000
001101000
0010001
0110011010
000000101
100000101
011100
101000010
000001011
11010000110
11100000
10010
0001001
100011010
1010011
00101110
1001100101
10000101
11101001
101101011000
01111
0111001
01111001
1001101
110010
11010000
111100011011
0101111
011101011
11101
010110
01011
01100001
1010110101
101
00111
01011001100
01100000
01011010000
0100000010
1010111
011001101
1011001
0111001
01011010100
10100100
000101
1001011
001010
1100001
000010110
1001111001
10000001
1111
11110111
0000111
111101001
01000100
11110000
10111110111
1011101101
101000
01010
1010
11111110
00000000
111100
0101111
01010110
011011010011
111101001
111010001
000000100000
1001011
1101
1010000111
010000110
001101101
110000101
010110
0110
010000111
0001110
11100010101
001011110
0101110
110001111
101100011
10011111
10101
0001001
11111110
111110
01000
00101011
110011
010100101
101101010
01110110
10110011
110
1011010
111000
1001101
1110110
00110
11110101
1111100
011111
0100001
01101110
11111110
1100110011
1111
110101
100111
1101011111
00010110101
10010110
0011100
1010110
0010110
1111101101
010000000
1011000
10110010001
0111111
0100001111
01101111
00011110
11011101
0100
01010
010110001111
100111
010000
00011
0111001010
0100101
1110000
1111100
011111101001
001110001
111000010
00000010001
1011
010111000
101011100
0101011
11110110011
0000101
101001
0100100
0011001
1110000
110000
011011101
0111010001
0101110
1110111
111111000
1001
1101000
011
011100
111011101
100110111
1101
1101011
11010000
110000110
1100111000
11001000
1110101100
0001111101
11110010110
11011
10101110
10101111100
100111
101000011100
1010111
11110
000001
11110
010111
10000
11101
011010011
111001
001011111
11001010
10010010
0001101
110110
101110001001
011001100
010001010111
100001000
10011111
001000
0101011
1001111
10001010
101110
110100100
100110
010100
111
100010100110
1101001
01011101011
00110111
01100101
10011
10011
0110101
111100
00011100
01100010
1000100
00100101
1011000
10110111010
1111
00011010000
0110001100
0000001
110010110110
0010010
001001110
1011100
0011111
00100
1110001
1111111
0111001
0001001
11001101101
00010101
10101111
0001111
110000111
110000111010
11010110
000110111
1100011
11011010
001000011
111011110
01101100
11111000
01110111011
011
11100001
011110110
001100110
0001000
011111
011011100
110000100
011010
00100110
1110101
100000
01111010
0000111
110001
10010
001001100
1011110
000101010
11101100001
010101010111
0110100
11000110
0000001001
0010
10000101
101100111
0101001
011101000
1011001110
00110
010001110
001011
1010100110
110010
110101010010
010000
1010001000
11001110
1011110110
0001
0010111
101001
010001
11000010
0000000000
100
1011100
100000
01011110
11110001011
01100
001011100
00110
00000100
10000
00101111011
00001111
00110000
01001101
00001110001
1111
101100101
00001010
011000110101
100010
0011001
011110000
000010
010001111
010100011
00101
1000101111
1010000
01010100000
11011011
010101011
00101
011010100
1001110000
0100011
01011000101
0001011
00011001
11
01000001
101010101
010
10001100
1110001
0110000001
0001110
0011000
001011100001
100011000
1100000
010010110
1001111
1000110
0011101101
10000010
11111111
1111010
10010000111
011011001000
001001100
111011011
11001100
0010110
1101100
11101
111101
01000001
11011111001
111000011
0110
0001000
1010011
100110011
01111101
10101110
0010101
0110110000
000
1101011
1100000
1011
100000110
001000010101
111000000
0000111101
100101
10101
1101001101
111110
01010100
010111111
00110111110
000110
001100000
11000111
11010100010
110001010000
111001011
100000
110101001101
001000000
0101010001
1111010000
010110011
111011
00010011
0110100
0001010
1001000
101110001010
10000110
1110000000
1100101100
00010
1001010
11001
100001100
0100001011
1111101010
1101010
0100001
1100110100
110101
01001110
1000011
110111
1111011
10010111
10101111
0000100
1110
101
00110010011
0101101
111001000
0010110
0011000111
111011
0100011111
01110000
111101100101
000011
00011
0011111
0101011
011110101
1001110
01010010
1001011
1000111
0000111
10000000011
101110
10101011
01100001
1011000111
001101001
110000110
10110111
10101010011
001110001
101011
001110100
0001000110
1011
0110110000
101110
0010
0001010
010111010
0100111101
101100
000100011
1010111
000100
1000001
100100000
01001111
110011
000101011
1011000111
10001110
00000010
1010000111
0101010
0011100
0100000000
00111
01101100
0011011
0010011
101101111
0000010011
0000001001
0101101111
01101000110100
00101100
10100000
000011
101000001011
000101001
10010001
00000101001
1001
11001010
0100111000
010000101
001000
0111101100
101101110
0011000000
100100101
0100
110001101
10010100
1001010000
1110000110
001100111
0110101
110000111010
0011
110100101
11001101
00
010110101
0111101
110001001
1110101111
011001
11101110001
1001100111
0101100
01110011
0000100
00011111
110111011
0010101111
00100100
01011011
0101101
001100000
1110
1011
01100011
0001011001
01111011010
000010
10111010
00001010
0100011111
1110100
000100011
1101011010101
11101010
1000111101
01111
0011100110
11001100
110101010
101101100
0011101
0010001
01010010
111001010
101101011
01010
0100111010
1000110
001001001
00001101
0010100111
100100110
011110
11011
1011110101
101110101
0010010
001101101
011100101
11011010
100111
101010000
0010011
1100000
1000111
01011110
110
101100010
000101
1000100
111101
10110100
011111010011
101100010
1011000
110111
010110011
11110100
111011000
001010100001
11101
01010001
0100010
11000001000
11001010
0101000000
000011111
01101111
01110
000100
0001111001
1111101
101010010
01011
01011
00111010
0101101100
10010
10100110
10110100100
11011
0001111000
000110001
00001000
100000000
11000000
1100110
01111111
10111001101
000110000
11001
100100
001111011
0111101
101100
01110000
1000100100
0011110
01111100100
111011
011011
0000001
1100100101
01111011101
010101100
1010011010
01101011
100000110
0001000
001011101
01011110
111010001
1011001
1000011
010111001101
10100
10001
110000110
11001001
10000100
0001001
1101111
111101
11110010010
00001
1011
110101111
011011100
10110101
01011100110
0111000110
110010
01110010
11110
101000
0101101
00101010001
1110000
00011011
100100
0001111111
1001001010
101111010
00111
011101001
11011001
000001
1001000
01101110
00101
110110
1111
010101111
11111010
1100
1100011100
101111
0100111
1001000
110000
0101110
101011
00110101
01010000
11110000110
0110010
101101
0011010
10010101
0000100100
0011110000
000100101
10010000
110000
000011110
1110010
11101
10110011010
100101
10000010
01000101
1100
0100
11110
011010
00110100
1010111
01000011010
0111101101
11001110
001111110
01001001110
00110010
10000111
0011011110
1100111
010010
00101110
10111
111011001
0010000
10011000111
100010
11110100
0011101
00111111100
0011010110
010100
00000
011011
11
01010010
01001111
0100100
1111001
10011101
10110010
001100100
1110
0100
01100
01
111001100
0010100
000010001
111011
011001
1111110
1110011
000110
100011000
1001101010
1010101110
00011100111
1011110100
11001101
0101101
00011100
001
011011011
01000
10011101001
1110011
000101
1100101
00101101
001100
110011001100
111000100
010010100
10010010
000111101
00010101
00001110110
01000011
011100
000011000
10010110
100011111
001101000
0110000
0100100
000101111
001000
101011
0110111
101
11001000
11010100
011011100
0010111
11111000
011010
10110010
10111
10000000
011000101
010010000
01001011101
1001001
1010111001
11000000
0000000
010001101
1010111101
1011000
11100101
100010110
011010
110100
0011101110
01010100100
11101111100
1011100010
01100101
01011101100
0011000
00110
0010101
0100111
0011000
00001101
1110101
011011110000
0010010001
1110010110
01100110
111010101
10100100
1001001
00101
0110010100010
010011000
011000110
0100010111
11010001
00111110000
0010101101
001001
01101011
110000
10111101
101110
1111100010
000111001
000111000
0001110001
11101110
111011111
1000010101
000011
11101111100
01110010111
0101101110
00111
000010100
111000001
10000100
1000100
10000000101
111100
11101000010
100001001
11111011
1000010010
10000010100
1110001
111001
0011111
0001111111
0100100
0100111110111
10000001010
0110011101
1111101
0000110
00000
110011
10010000100
1000000
0110010110
01000010
110111
110011100
110100011
11
1000000
000010
011010
101101
0100100111
01001110
010000
111000001
0010000
1111100001
11000100
1010010
1010101
11100110110
000100111101
100111
001111
00010000
001000
100
10110010001
0111010100
011001001
11010101
0010000
110010
1010100
1100101011
01111011
1010000000
1001110011
10010
00111001
0010110001
001111100
010011011
111111111
100000
0111001111
11111000
111110
1001110010
1101011
11111011
1110011110
110010011
11101011
0011110
1110001011
1001111
1000011
001000111
0000000
1001
010010111
1110101
1010011
11011000
00000
100101010
10111000
011010100
100001000
0001111
00111111
10110
00101
0000101
0000011
110111101
11111011
11110101
1010010
0111
1111000
1010000
01101101
10010
110011100
011000100
1111
01100011
0101010101
0101
11000001
11100100
1010000000
0010101100
110101101
0101000000
111110011
011
0010010
01010110
1100010
101101111110
001010110
1011011
00110
000010011
001001101
0000
000101000
10111000
001000001100
11001110
0111010
011010
10100000
100101
1100
1111101
100010011
101110
0101011
1101011
011010
00110
011011101
100101
11010100
010001000000
01101101
101111
101001
100100101
10100
0010110110
0001001
10010111
111101
00011100
10110101
000100111
101001
0101011
110101001
001011
110000
1100110
000000001010
0111111
10100111
110000001
1001100
000011001
1011100
101110
0101110
101100110
11000001
100110
01100110
1101110
1111
101100001111
0100111
1011101
0110100010
10100010
1011100
1100110
01100101000
10101
1001000
11011010
11001000
0101111
0110110000001
00100111
0100001
011011111
11101011
11001100000
0110111100
1011001011
0010111010
1001000
001001
0000001
100000
00000
0110000011
00101111
1001101
10111011
0111010
000111010
1001
00010
0011101
101110000
1011101
100010
01101
01010
01000110
01010100
11000110
1011011
1101001101
1000000100
101011110
11111011
1110100110101
111101011
0100100011
00001
0001
001111
11000110
01110111
01111111
10101001
1000000111
10101010
011001000
010010001
10011010
11111111010
0010011001
1110000100
011100
00001111
010001101000
011000
001001
110110
1010
0001110001
01100100
01110011
0101101111
011
01000
01011110
0001101011
011010
01001010101
0101000
0010011011
110100
10001110001
101011
00100000
10111010
0100110
00011110
101001010
001100111
01000000
01001011
110111100
10101011100
111100000
00110101011
010101000
010111010
001110110
0000100
0110111011
01110010100
10
1011100
01101
01101111
1000010
1110111011
0101100100
10000100
1001000
000010010
1011
101010
101011100
0111011
111110
0110
1011011010
111100101100
00010
111011
001
1011110011
1101100010
010011101
01010001
11001111010
10110010
010111111
10100100001
111000
0101111100
0010100
111011011
11001
000010
101000010
01111000
11001
11000011
10000
010010
1000101
010010010
110100
000000011
011001100
0111010010
0000111
1101001
01010111
10111101
1110
101100100
10000
0000011011111
010010111111
01010010
001101
1111000
110110001
001101010
01000110111111
100000000110
0111111111
11110101
010111011
10010101
1111100100
001011010
000110
111011101
11111100110
0011011
000010111
0101010
1011110
010101001
0110011
11001000
11001110
1000
10010111000
11000101
111101100
1101011
0110011001
001101
10101001
011101110
000000001110
110110
111101111
0010001110
1001010000
1010101
0001100
011101000
11001010
0001000
0100000101
1110010
000100001
010010010
001000
0011101
11101101
1000110
11110
110110100
11100110
111111110
1110011
010100110111
0011110100
10010001
0011
0101001
110010110
01100110000
011001
1001101
100110001
0101010
010000
010000110
0111
011000111
0001
00001110110
00100011
11011
00111111
10001
1110010
001011
010000001001
11010101
01110
000101011111
1110001
00100111101
11011010
000000100
1010001
1010011110
11010001
11000101
1001010101
0100111111
01100001
001100000
01101
1110001
1101000
011101100
11011100
11011
011101110
1110101011
10000
10010010010
110000
000111010
0101
11000011
0101100110
0000011111
11110110
0000
011101010
1001011111110
10000100
11001
001110001
111000
000010
11110011
1000000
011111
111100001
111101
1101011
0010110
0111010111110
1000000
01100101100
0111101010
000000101
0001100
1100111
010001
00011101
0110010
01000011
11001110000
0000010100
0111000
011001001
0101100
01110001
10111
1011
0100010100
1111011000
11001000
10000001
0100010100
1101
11000000
11100010111
1110010
011001
01000110101
00100000
10011001
10111
111100000
1000110
101000
0011110111
11010110101
0101
011111100
01010111110
1110101
00010101100
110010
00010110
010100010110
01000101
1101110110101
0101100
000110
1011011
001101
00101101
011100110
10100000
1101110011
01111011
10111010101
1100110100
10111001110
001100
0000001
0110010001
1101000
101011100
0011111111
0000110111
11000010
11111
001111100111
0110000
001000100
10011101
10110
10101110
000000
0001001
01110001
0100000
01011011
11010010
1011010
110100100
11010100000
01111100
111001011
1001000
0110111011
10000
1001001010
00011111
001010
1010010000
00101000
0111
1001100101
000110000
1000010
01001101
0011010
101001
10011111
011101010
111000
11101110
11000
11000101
0100011
0001101
0100100
100000111
0111010
0011100
110011
1001101101
01110
1001011
111101011
10011101
0111100100
11110001011
0101101
1010100
011111101
110100
01001
1101011011011
1110110
01001100
1100011
110111010
101101010110
01011
00001111
00000
110101
100110
10011010000
1001111
010111100
1101111100
001001101
00111111
1111111
000100000
1100011
101011100
1000000
01001000
0000101
11101000001
0011111111
0111000
0101101000
11011111
100000111
000000100
11101111
10011101101
1010111111
010100
010011
1011000
1000101
10100
10001
0001111010
01111100110
00101011
000110011111
01011011011
100000110
000111
01001000001
0010100
1011101101
11010010
1111010
0001010000
10101110011
100111010
0010000010
1101000111
01000100
1110100010
111111
10001110
010101
000011011
010001
101000111
11010111
01100111000
01101010
0000111011
010010010101
01001100
01100
0000100
0010111
10001
0010010
1100000
11000111
011010
110100000
0101010
1010010
11100111
01010
01101001
101110000
10010000
00101110
1111100100
0010111110
0001111
100111110
0011000
0011010010
0111000100
100000
1000111
11110010
01101011
0100111101
1111111
1000110011
01001011010
1110011010010
011110001010
11010
000010
010110101000
10100
0111100010
000100111
00001
1100
100100
1100110
001000
100111011
1110110110101
10000101010
00101
100010101
110000001
110111011
011000101
10010
111010111
1110010
100110010
00100011
0100011
011011100110
01110000
0100100011
100101
011011010
101101101
0101111010
0000111110
111111010
0100010011100
1001110
1000101010
11110
01111000
111111
00010010
000011
11001111
100010
1000100
00100000
10011101
1111010010
0100011111
00111110
0111111110
1001000000
111001
0111
101100011
01101101
1010111
100110
0100111001
1101001
0101011010
000111110
1011101010
011010110
01001111
1100111
0000001
111011
001100100
110111101
11011
10100111010
011110
110010110
0100010
0111110001
000101101
001001
1111101100
001101110
1100000
000000
101100101
100111001
011
0010110
11010
1110011
0101111010
11000010
11011011
110011010
011001000
10000
1010011010
00001100
0110
11100
010110011
10100
00001
0100100
0000101
100001
0010000
11001
11010
10100
00111010
000000000
111100101
0100000
10111
10111001
010100
1110010
0001100
000010
010001010001
0001111
111001000
0111100
01110010
0001101
110101110
001100011
0111000
100010
1101110
111
11100100
1101110110
00011110100
11010000110
0010000111
000010111
00111000001
10101010
10101010001
00001101
0111011
1011000
10000110100
0011011110
01110001110
000100
01011000
10100111
00111101000
0111100
00001001
01001100
01100011
100100000
00010011
10110000100
111001
10011000
1000011101010
100110011
0010011
111000
01000000
1101101
000011000
00111001
1100111011
11001001001
0011011010
000010
11000011
00000000
1010011100
0011100110
00101011
110001
1110000111
1100
0100001
01011
11100000
1100001
1010111011
1000001100
0111100010
010101
110110010
1111010011
11010000
0011
1001
0111100010
0000101
100110100
11100110
0001101
01001
0010110
001000
001000
01111
00000
0110
000111
110101011
100011001
01100111010
10000111100
101000001
0010111
10010010010
10010111
1100101
1001110001
10011010
110010
0010
1110010
01011101
01100101
111110100
00100111
00011101110
010111
11101001101
1000110110
00111111101
1111101001
00110101
1111
1001100101
010111
0100100100
11101001
100010111
01110
0100000
0000101
100110
10010100110
1011110
001010
00010
0010001
0000001011
00010101
10101010010
010111000
11111010
100100
11011101
1111001100
10001101
011110
0110110010
0011010
00011000
1111
111001000
1001011
111111110
01001011
001010
100011001
0011
101001
11001010
001111
1000000
011010001
1100011
101100
00011
00000111
1000
0010000
00000100111
010101
11100010
1001011
0100
100111001
0101100100
0110100
010100101101
110
0001011
00101
101000000
1010110
111101001
0001010
0011100
101001
00111100
0101101100
0011111
0101100
000010
1011100
110001100
101111
1001000111
101101
000110010100
1000100
01010100
0101010
0001100
1100100111
1110001
10110
00000100
1111000
000001
011010001
0000111
110101011
10101011
01100010
101100
011110011
000010011
00110
010010101111
001101111
0010111011
0101101
111001
0101001
0010100
11101100
00110000011
000001
110001
100111
1001001100
0101000
1000100111101
1100110
0110001
00101010
01000001
1111011
10000001
0001011
10100110100011
0100100
1110101110
0011110
10100
100000
0100
110001101000
11000
1100111111
11101
11000100
000101
0110110
10001100
000110011
00000101
01000
0110001
101001010
00100
100010110
00110101
010001010
11011001001
1111010001100
11101010101
00001100000
10001011
11001110
001011010
100001
010001
000100
100001110
01001001
011110100
001110000
100100101
0111010011
001111
000010000
01010100
00010000
100011
011010
11111
011101
10101010
1101011010
1111001011
101001111
10000
000100010101
10100010
0010010011
111110
00000111
00111101
111101
110100101
0011001
1000101
100100001
01000000
1011001
11111010100
110100110
101000
11100
11011010
001110
100001000
11110
10011
01111011011
01011001
000101
0001011110
1100110010
101100110
11011001
1100111101
00110010
11100001
00010
1000100
11000000
11001111
1011000100
1000010000
100111
11000011111
100001001
1111001111
10001
111000
110110
10111110
1010011
01000000
0100111
111111000100
11001011
1110001
00111000
001000
00110000
100101
101111001
01101100
10100010
0101101
111101100
1100110
0111000011
010110111
1110111000
0101011
101000
100101
1100101011
0100111010
000011
0101001111
1001101
00011110
000111
11100100
11110110
0100100
0011101
00101111101
0110
011011001
001110
101010101001
1011111100
110101001110
1001100
10100
00011001
1001101
101101100
110100010
110011
1011101110
1111101
11001100
0011111010
1100100111
1110000
01000100
11100011
11000
1011000
011110
001010
01010101010
0101111100101
0011010
1110111110
110011
101001011100
01010111111
110110001
01000001
100011101
00000010
0
11010111
111110011
1001011
1111111
110011110
0111111010
1001011101
100100010
110011
101000
00111110110
00111000
011001000
1101001
0110100011
0111011
01001010000
01010100
0100100000
010011001
0111101
11110
011100011
000111100
0100011
010001
00110110
0101101
0001001111
00011011100
000011
011000
011111
11011101
110110001
11010000
001111011
10100000
10111111
010
111001
0100100
010100001
0111011
100110011011
111100
0100110100
1110100011
01111010
00100110
01010000
1011000
110100111
1010111
100110011
00010011
10010101
101010101
11001101
1010010
1111100010
100011
1011000
101100000
11110000
0001011
100001
100100011
0001100100
00000110001
01000110
00000110111
1000110
0011101111
10100001
000101
0001011111
0101001011000
101001
000101
011
10011100100
0110111111
0000101000
0000
0100
111010110011
111100
0011100100
11001011
10100010111
010010011
1110011100
10100110
01001110
01010101000
11001010
1101011001010
1111000111
001000
10100
110001111100
00001100
001101
01010101
100001110
11101000111
10001
1111
101101111
11101011000
11100110
1011001
010011011
0111000
01110
0011101
00101000
0010001011
0001011010
00100110
111101
111101
01000111000
01001110
00001101
100010001101
00001010
1000100101
01111011
0001
0101110000
10010011
011010110
00000001
000111
001
0111100
0101101
00110
10101111
1010010
11000
10110010
010000100
10100110
101000
0100010
11011011
0101100000
1111100
000000101
010
100010111
11010
1111001011
111000
10111110
000001101
0101111
10011001
0010110
11010010
0110111
0000011
010000
101010
10101111
10000101
0111
0110111
101001100
0111011
101100
0011101
11110101
001110001
01011
01011101
01111000
11001
1000010001
0101101
111011
1010110001
0011010
1011101
10000111
1101100
0010010001
11011111
0110000
1100111
111111100
10101101
100101110
01111010000
000001101
0110
100010
0010010
000101000
0010100010
1111101
0010111000
010011100000
111110000
10000001
10100
01000100000
001100000
010001110
001000100110
0100
10001
10111011010
0111100
1000000000
0110011
1110100
0001001
00011011
10001111011
0110110111
0110001011
011010111
01100
1110101000
1000000111
010100110
10011
111010
00101110001
1011111000
110000111
101110010
01000101
10010100
1110010001
00100111110
010101
1011001
101000101
001110
01010100
110011111
110101000
011100111
10100110011
1111001111
0101011
111110001
01010000
011110
1100110
01110
1111
0110001000
0001100001
010110010101
00111100
0010110000
011010111000
010111000
01110100
10011
110110100
010000100
110001000100
101100110
1010111
0100
0100011
01101011
000010
1111101
100001
10010100111
1101001
010100000
011110011
11011
11110101
000011101
00010
0111001
11001110011
000110100
001011010110
10110001010
01001010010
1111000
1010100
00001011
01000010010
00111011
101010011
01101001
0110000
000011100
00011010
00001011
00101110100
10010100
00101000011
01101000101
0011001
111010011
0100010001
11010101
1101110
001111
111010
001111011
10101000110
110001
110000
11110111011
10100
0000001010
101100
000101111
0110011
1001111000
1000001100
1011111
101011001
001010100
011101011
1010111000
0101000000100
100
1000110
11100
01101
10100111010
000011
0001000110
11001000
00000011
101100010
111010100
11001100
0111100100
011111
1001001
1011
101110
010100
01101011
1110
101110111
00011
10000
00010110
01001010
010011
11111000011
01110000
0011110
01001010001
010111
01111001100
0100100
10010110110
100011
1011011101
0101111
0000
01010
10000010011
11001000
11010011
0111100010
01000001000
100010
0000101
1001111110
1001011
101010
10011011110
01010001
1101
10001100
0101101
11110
100100101
1000000
1010000001
110
0111101110
10011100
01010010001
00011110
111011101
00001000
011101100
011101001
0111000
011100110
111001001
10010110
1011111011
011100101
1101100100
01000010
10000
0111111
1011010001
1110101
1110000111
0111001001
00000111
0001000001
011110
0100000111
10000011
111001100
0000111001
00011001100
1001101110000
011101001
010011
1000
00010010
0011111
0100110
0010110101
010011111
1000011100
0100011
0010011010
0010100100
00111001
010100000
00
00010101
01100110100
100011
1110011
0010010011
0100001
100111000010
10110101
1010110001
11110111
001110
111100010
01100011
00111110001
11101000
1110011010
1110100
00110100
100110
1110111
01011000
011001100
1011100
0111010
111011111
010101110
00000000
1110011
11001100
010001010
0110100
00100100
0001
10011100
11110001
00111
111001
1001100010
0010110
01010000
00001011010
010111
1000011111
000110010
011101
0000010
0100100110
0110001
100111
101000110
0011010
0010101
010010101
00111011
100100111
01100101001
001010111
0100001
100110000
00101011
10010111
1000010
01101110011
100100
1101011
11001100
1100
0001011011
011100111
0111110110
101001
0011010
000110
000000000
101010
01101011001
00101
11001000
01001
011111
001001
0001001
0100001
0101010000
111010101
11000
10010111
100000000
0010010001
00001
11111111
01001
10110001
0100100
10001
10111
0000010001
1000110001
01000
0011000
11011111
10010010
1000110
00011101
0100000000
01111010001
00011110
0100001011
1000011000
1110111
0111011000
0011111
11111101
111110
001111
1000
0010001000
10010100010
111101001
0100
0010110
01101010
011100
111101101
1010111
011110010
01001011010
0011110010
111001111
00111011
1111101
1001010
10001111111
000001001
110001110
001111000
1101001
11101
11110010
001100
11011011
000111
10110100
00100001011
00011
000000011
1101000
0110110000
000110001
0001100
0100011000
11001101
10111101
001110
00101101
0100
100010
0011110
1101100
000111
0011000010
110111111
11000001
11000011
11000010
00100001101
0111011
001100010
0010
1010110
001001
111
10000100
0111
11110
001010
0101
011101
0100111000
01000011
10011000
1100011110
01011011010
01110
110001
11100001
11010101
000011110
10001001
0010101011
11110
110100011
00010001
111101
011100
1001100111
1010
010110
000110111
00011010011
0110100
011101
110110
00101011
00010
11001
01011010
111011001
111011111
11001011
011100110
100110
11100001
01101110
1101110
110111011
00010001
1
1000010000
01000101
0101010111
011100101
0011010001
10011010
0010111000
0110000100
0100101
10010010
001111100
100111001
0111010111
01010110
10110
111
000000
000001
001001111
011000
101010110
11100
0001100
0101000
110111011110
000101100
01101010
1101
0100010
01110111
11010011101
01011111
1100010001
10011
01011000111
000010
1101
1001001111
1010
10011001
101100000110
010010
01001100
0010010110
1000111
011001110
10011100
1001001111
110010100
011110101
011010000
100101001
0001010
111101100
0110
0001011011
000100011
0010010
010111100
0111001
11101100
0101010000
010111
001001
011000
011001
00011
000
1110010010
111010110
10101110
0101100
0100000
1111110
0001011
101111011
1000001010
1000000001
1100010011
001011
011101
011101100
101000010
10100010
01010
110111101
111011
001
0001
010111000
011100
1010001001
01011
001101110
10010011
001011100
110001
00101111
010001000
0001101
000010000
111100
00100
11000100
001100
100110011
01010
1110011
00010101
1011011000
111000
100000
1111101
10010
110000001
1000010
011101000
1001000111
00010100
01000010
011011011
0100010
000111011
1001110000
01011011
010111
1000010
101100
000
01100
1101000011
0011000
11010000110
001
0001011011
00000
1101100
00001
0001000
01101
10000111
101100
1100101
011011111
011001110
01011111101
00011
010
01100011
00001011
011010100001
001111111
11100001
110000110010
011001
010011100
01011111001
01010111
11100010
1001
0111110
00001011
100110
110011000
1011111010
01001101100
01101001000
00101
01101111001
000100110
1100010
101101001
1101011
1100011
00111
1111010
000000
01100011
10111101
011001000000
01000110
01011110
110110
010110100
1111110110
01100010101
0110011
1010110010
11011100
0100000010
000011010
011010100
0000001
0111111
010010010
01001000
11101000
1110001
10011111011
1001110
10000011
01010011110
0100101000
11001001
1010111
010111010
00011
0101100100
00100010
0000110100
0011001
000100100
0100111000
1100011
00110
001101
100100111
0000111
01011001
110010010
101000111
01011110
1001
01110110
1111110000
0110000001
1100001001
0001
011010
100011110
010011110
00011110010
1000000010
0100110
01001000
00111001
0000000
01111111
11010001
00100
100111100
101000
000011111
11001111
00100111
0100111
0101011
010100
100000010
10110
11111011
1001000
101001
01000001011
001001111
101000
0010011111
1100011
001110
1011011000
01101111
001001100
01011
10010101
01111001
01000110100
0000110000
010000010
110011101
0011000
1111111
111110
0111000
00010111011
0001011
0010011000
110
100110110
010000110
10110010
1011011
110101
00011011
00010100
0001010
10101011011
011111111
1000101011
01001111100
0011110110
01010
0101101101
010101
011001
0010111
01111110
01111111111
01001111
1110100101
0001111001
1100010101
00110110
01000100
10000101
11011001110
0011001
1001
110001100
10001001
00010110010001
11000100101
110011
1101010100
1010001
1001100110
0010001110
001101
1110110
111110
101111
0011101
1000110
00001110
10111
100011
101011100
0111111000
0110100100
10110000110
0000111001
01101
1011000101
0011101001
010001011000000
101000
11011
0000110
01011011
0110100
0010010
101111001
101010
01110111
11110011
000001
01001111
110101100
100001011
0111000
111011011
1110000
00010011
00000
1011010
001100001
011011111
0000000
111110010
011010000111
0100100100
1101010
100000100
0101111001
000010
010000000
11010
1011000001
01110001
111001001
0111000110
101111
11000111101
0110110
010011100
010110001
11001111100
0101101111
1000110
1000111
001100100
11111010
010111
0110
11011011
101101
10000011
0111111
110110101010
111000110
111001
110010110001
100110010
00011000110
10001001
1111111
00110011
01001101
110101
010001110
00001011111
101011
10001000111
1100111011
01101000
100110111
0110000110
01111101
011101
111111101
11011
1001111
00111001
111010100
010111
1110110
10010010100
1000101100
001100
0111001100
10001
010010101
1110101100
0101000
011000111
1000011111
00010111111001
011011010
0000011
1100111111
100001
110101100
001111
110001
10000110000
1110111
1011111100
1000010
111111101
000011000
1011101
001000101
011111
0001011
1110010100
101000
00101
011010000
0111
11100
001000110
100010101
1000011110
10011
01001000
101011011
01010101
11100
10110000
000110110011
10101100111
01010000101
10110110001
1100000
1110100
111110011100
01110011010
00111010110100
1111011
01000100010
110011
11001
11100100
11000100
011000111
10011101
10011101
1111111
1011111110
00110010
0001010
1101100010
11100011
101001
0011001
10011
1010110
10110010
010100011100
010000001
10100011011
10111100
0100111
1111111
1000010
11010
0000111
1001
0110111
1000110
01110110
000101
10011000
00100
1010111110
10001100
01111100110
101001
000100
1100111
00110
0011
0100100
00000
11100101
001100
111001011110
001111100
11000010111
0110001
0000010
110111
1101
010111
0111011
1001011
100101111
11100010
00110010
100000
00011111
00110110101
000001
0010001
11100
010001100
0011
11010000
01001100
000010
110
0101110010
101011
11111011
1101001
11111010100
0110110111
100110100
010001
1010110
0001100011
100111100
001011011
100000110
011111010
101010001
101101011101
101100
11000111100
10100010
011001
1101100001000
1111
11001011
01100001110
10100111010
01001
01001010
110101
101111
10001110
111000101
11001000001
0001101
011101
001110
10100111
001101111
10011
1010111010
01101
10011000
00000000
100
0001101
01011
0000100
10010100110
010000
01010001
01101110
110110111010
1001101110
1000010
1100000010
0010011
1100011
000001
000100
1010101000
0110110
110011110
0000100011
11000
001110011
1001101
11111010110
1000010001
1010110
001101101110
0110011
1001111
010010
1110111
01011100
10101100
010100100
11111001
1100000
100111
10100
01000
01100010001
01101
001110
00011110
01101010
111100100101
110001011
00001101011
10000111001
10111000000
0100011010
011001010
0000100101
010011
01111
001000
100001000
01001101100
10010010
00100011
00111
11110110
11110100
11111
10110010
011001001
0000000
0000100001
011000
01111100
001000011
0100001
0000101
01111011
0010111001
011001110
1111011
0100
011110010
001011110
00111000001
00100101
0101001
1101
10000010
100000111
1101101
0011010110
101011110
001111111
0111101011
100100010011
0101001
000100011
0111110
00000
00001111
010000011001
1000100111
011100010
01010
011001
1111110111
1001000101
0110010001
00011011
10111011
101001011
11000110101
0001010
10101001
11000100
01010100
1111101100
10010011
11000100
1001111011
1101001111
101101100
011111000
101011
1101000
110001010
100111
0100010
00100
11100
000101101
00101101
1100011101
1111101
00001110
000101
100010
100101110
0001100100
101001001110
1000111000
101010010
10101010110
0101000
10110100
00011100
10100010
11010
0000101111
0000001111
1110110
100101100
101011
01111
010011000
000
0101100011
1001001010
00000101100
110101101
00000
10100110
11010100
0001001
11110
110110010
111011
000011111
011101100010
0111001001
01010110
11110100
10101
0011011
001
110111000
11110001
11111
00011011
01001101111
001010
110111
100
010001011
00010
011000
000110111001
01011101101
01000001
100001110011
100000111
00010100
0110111
000010101
011101000
00011
011110
110010001
0111
0010001001
010000100
1011111
1010110
1111000
1101011110
010011
00010011
1010100
01000111000
11101010
1111100011
101010011
1010011011
0000011011
000101
010010100
000010
1101111
100110
1010100
0100110
1011101
010000
1101
11101
10110011
0110111
011011011010
001100101
1100000
11011001
00110000
010011010
100010011
11100101101
1001110
01110100
10111111000
000001
0110111100011
11
100000
11001111
01000111
1101000
11000000
001100
1011011
11101001
00001
0110000
111010
011110001
01100101
000100110011
110010
100
1010
100111
0001
0000000011
100000
110001011
10101101110
10100000
01
011011111101
001000011
00101010
0011101000
111101101
01100111011
0000000001
00001001
0100100
00101
01000111
011011
0011001
011000000
11000000
001111
10100010
01100001
101110110
10111001
101101010
1101011100
00001110
11110
10000111
0111011
0001111100
0111100
010100001
10111
100111
11000111
010101
00010011
01011
0110010010
011110
1110001
0000011101
100001
010111
01100
1111101100
000010101
00100010
10001000
0100
01001111
0111001
101101100101
111100
01010100
1111010101
1000000110
1101111001
1111011
00111001
001110
00001
0011010
010101100
00100111
01100010
111101111
1111011001
01111000
111010110
0010100
010101100
01011
11010
0101111
10111100100
1010010
1111011
1010100
00101110
110001010
1011101
100111100
100010000
1000010
011010100
0101001100
00100010
00001111
10101111
110100000
00010001
00000
00111100
00101
1100110001
0001110
010110110
100101
110011011
11000011
11010101
10010001
0111100
11100100
001010010
0000011
1010100
11110000
110000
101011
11001111
01101000
10011100
1110101101
1100100111
011100
010011
0010010011
01111010
11101
00110
11011100111
0001100
001001110
100010100
1010010
01011110111
11001110010
010110
100110
0010
000001
101101110101
001000
111
11011110
1101100110
1000000
111101
000011101
111011
111010
01011011
0011
1001
01111
001001100
11100
000100101
10011111101
110101100
01000011
1010000
1010001101
001011011101
100000000
00011111001
010010
1100000
01111111
111101110
000100111
0010000
1000001111
1000111
00101
110
0110001000
01010110010
11011
11010011000
01111111
00001000011
11000111100
001110000
10010
1011011111
0000111010
0000000101
011111
0000010110
011011100
1111100010
0000101
101
00100101
111101
000111
110
10010110
1110
11000010
1001001
11101101110001
010
00000000
100111
0010001
1010
10110000
1000111110
100001010
100010010
0001111010
1101001
111010100
000001110
110010000
11101011
1100001
0011100100
110110010
01100001110
11100001
0001011
0000101111
00010110
000010100000
11000000
10100
001001110
0000100011
01000000
110011
0010000
0011001110
00101001
01001111
100101110
100011110
01100101101
0101100100
01100110
1111011
11110001
1111010001
010110
00011
1110101
000110010
0001001100
01111
0010111
01011
00000000
0010010
00101
11100010111
000
00001111
0001000101
00100001
00001
01101110
1101110
000100001
111110010000
0000001
110101
011000111010
000111010
1000000
011110110011
1111000101
0010011001
0110101
0111011
001110111
0110010
0001010111
111011100
110111001
1100
0100111
11000001
00000010
100010
01011111011
10100101
1101101
10010010
01010010
1101111
11110000
101110000
0110001010
11010001
101000
0001000
0100000100
1101000000
10100111100
101011
10001101
100011101
0100
00111
011110110
110100000
0101
001011000111
100111110
0110000
0101010
10100100110
001100000
1111101
0011010
01001010
001011101
0101111111011
1011010
01110001
101100000101
01111001100
00111111000
01001001101
1010010
0101111
1111010101
1001110101
01000010
1001101010
1000
00110100
1100000101
10011000
011010
100101000
0100110010
11010010111
110100011
1111011
1001111
11111000
101010
11010001
1010001000
11110101
1011
110111
010111011
101100
00001110
11010
0110
010010
1011001
10010
00001101
10100
0011010
01110111
101110001001
0111110
111001100
001010011
1011110100
011101110
1000010
1010100011
001001
10000000
11011010
0111010101
10110011
010001011
011011
00110001
0111001
10111110
111010
10111
0011101
100001111
100101110101
1000010
110111111
0000000
01101010110
0001111
100010
11100
10001010001
111101
0101010111
010001101
1100010
100011011
00001101
11111100
111100010
100011100
011100
11101111
01100011111
011011100
11100001
00111
011101000
01000101
1101001
10111110
1011010
101001011
11010
00100
1011000
1011101110
10001000
11001100
1011000
100000
101110000
00100101110
1100010
00001
1101101
001000
101101
10100
0101000
1101100111
10110010110
00100001
110010010
11011001
001111100
110010011
000110
100110100
101011
1011101
0110110
110111
1010000
010110
0011101
101011100100
001100000
10100100
10000001
11101
00110101
010000000
0110101011
00110010
11110101
01110000
01111111110
10011100
01111010
11000101
010101001
101110001
0101001101
00101
001001110
110110011
0000
0000100011
110111
101000
10111000
00011
0000110000
11101111
01101101000
10110100
111111000111
10101101
11000100
1101011111
111010
01100110
10100010
11001
110000
100001
000010001
1100111110
1111011110
10111010
0110111
0111101100
000101001
1100101010
100001100
00110110
0010100
00000010
001111
10001
00010100
111000110
1101
100110000
0101
010100
00100000
011101111
11100000
1101111
001110
001111
001101110
0001110001
011110
10010010
110001000
111110
100001
01111111000
1011101010
00100010
000101110001
0100000111001
11000
0110111110
10101
1111101011
01001
1011101
1001101
01010000
01111101
10001100
00000001
111001
11100000
000011000100
000101010
001001000010
0111111
111001
11000101
00011011
00001111
10110111000
000000001
10010
11010111
01101010
0100
00001011001
10111101
10101100
0101110110
010111010
11000000
10001
1011111000
1000
0111100
1111000
110000
11100100
1001010000
1010000110110
0011101101001
01010111
110110
0010101
110111010
01011101
011111011
101010
11110101000
11100001100
11010
100101100
011110111
11001
000010000
0000000
01100101
110101001
1101
10101110
01100011
101100
011000
000000110
1101110
010010000
01010111
1001011
001110110
000110
1001111110
000000111
000001
1111011
101010
00000000
00010110100
10000101
0001101110
01000110
10011111110
00010101
1001
0111011
1011011111
100110000
100001
00111110000
011101110111
01000100
01100
100101101
101000111
00011011100
101100
10001101
010010010
11000100
10111101
1101101100
0001
0011001110
1101000
1010111
0101111
10010010
000000110
100000010
1110110011
10001010
0000000111
0110001001
010101000
11110010
00011011
100011001001
1100000010100
011011110
110101100
1110100
0101011
1111011
0110001
01111111110
11110100
01001111111
110110010
1101
010111
1110101011
00110010
000100
100001
001111
010000
1001010
001100
10110
00001010
01000
00011100
10010010
01100111
01100111
011000100
010101
0101010
011110000
1110010
1110101
01011100
10001001
011111
111001
001011
10010100
111111100
0011000
1010001001
0111010
0001
1010001011101
0110001100
01101100
111111
011101
11100011
10010111
0011001100
10100101
011001101
011101001
1010111000
000111
11101
011001010
01100
001000111
01111000111
00000001
010001011
1110001
010101
01011
100111
0111011
1100110
001000
10111000100
00010000
0001
01001111
1111100010
0100
110
11011110
011011
0000010010
1011010
1000001110
000101
001101
01111111001
111111010
010001100110
011
0100111
0011010010
1110101010
000001
0100000110
01010100
1100111
111110100011
110110000
10101011111
011100000
110110100
10101101110
001011
010000000
0011011
0100111001
01111110
01011000
11010101
0011000
1001111101
00101010000
111100010
010110110
0110111
11111
101000
101100011
0101011
101011
0111101
011110
1000010
001010001
01011111
00010011
00110101111
001110
1011110
001111
1100110100
001000000
100101101
0011
110101000
10101111001
1000000
010110
0111
100001011
1001011
111101
010101000
0010011
111111100
10100111
0101101
111010
00101111
101000100
0010000
000000001
11100010
001011
010101
11100
010001111
10100
01101000101
011000101
11101101
01100111
0010110011
11101010
0011
1110110
10011101111
100010110
10101101
0
1001010111
0010011
01101000
0001010111
110100110
111011100
1100
10010010
01110110
1011111011
100000110
1111100111
01011000101
00111
001110000
000010111
100100001101
000100
1101100111
10110100
10100101
00001001
1001010100
0101100000
101000010
0110001
01101101
11000011000
0100111
011000000
1110001100
100111110
01111110
110000
11100100
11100
1111111
010101010
01010101
11001101
100100110
010000100
010001
11101100
1100101
00100
0101000000
00111001
11110001
110011110
0111100110
001011
10101100
1011
000011110
0111110
000110000
01001100
00011011
10100001
10101100
1001
0111010
011100
1100001
10001101110
0101000
01000111
11101010
10111100
1111
011110
1111100
11100110
011000011
001001
11001001
0111111101
01001
011101011
00110001011
100111
0010100
0011101111
00000
001010
10010100
011111111
1000011
01011001
0100110
0101011101
11110
101011
10010
1010001
0011100
11100
001101
001100011
11000001
101110
1100100111
001101111001
110010111
010110
0010000
10010011001
1111011
11010
001110
011101
1001011
000001
01110101011
101010011
10000011
0110011010
110100111011
011010
00000110
000
00100
01101110
1001010
00100001
0000110001
1000100
101010110
0110011111
0101111011
1001000
0001011
0010110001
1001000
111110101
0111010
1111010
110011001
0000110
10110000000
11010110
010001101
0100111
111111
0111011010
000000
0011110001
101111101000
010110
001001001
000100111
111010000
1011001110
0110101101
000011
101100
1011000
00101011
1101011000
10010101
110010010
1111000111
1010101
000000
00000000
0111101
01101001
011101111100
000001000
1101000
1111111
000000001
0110010
100010001
10001101010
10100
111111001
00000
10000
001111
110111101
101
001000011
011011010
11101111
000101100
001011
1000000
1010010
0111010011
00001001001
011000
101010
0100011
111010100
11110000
10100010
100100111
111111101
010010010
01100
1000111
01111111
011111000
100010
0110111
001010010
011
01011111
00011
0100
10010
000001111
01110011
10101
10001
0001
10110
101011101
001111010
0100010110
11100101
00110010
0000
1100111001
11010001
0110100
1010001
01011101
0101111
01000
101000
10111010
00111101
10110110
000101
100010100
0000001111
001110001
01100000
110110
11111101
101
1000010000
0011111000
0110100
110011101110
0001110
001010
000001110
111100
100110010111
110111010
1010110
0010010
110110101
000101100
01111111
110
1001101010
10010111
01101110
00000
0001001000
011001101
1100000100
110110001
0101101100
10000
00101100
1000000
0101000000
0101
0011110011
10101100
011011001
001011
1011100111
1111101
10110111
010010011
0110001
0011011
100110010
100010010
000010110
11101
00010100
01001011
00111010
00010011
111011
1101000
1110001110
01001100
1100000
011000000
0111010010
00111011010
0100
000001001000
101111001
110111000
11100
0100010
00000000011
1011011111
01001101
110000
1011011111
110100011
1000
00100111011
0110
0011111001
101111011
01111
001010110
00011
1100100
1110110100
1011
111110000
00011101
001001111111
1010011
0110111011
111110
1000011
1100000
100001001
100110
11001101
0011110011
1111010101
0001111
101001101
11100000001
01001110111
00111100
1001111101
1110011001
10000100
1011000
10111001001
1111010110
10101111
10111
00111100
0011110
1110111
1001111
11111000100
01100
1111010001
1001100
111111011
01011010
1101100
10001111
101011001
011101
1100111
0100010
1111110000
1010110000
001010010
01110101110
011010
11111
1110010000
0010011
00111110
100110110
11010101001
001010001
1100101
10001010
0110111
001110000
010011111010
0000000
11100111
0111010
011100
0011010
000010
11100101
10010
0101010
11100001
1100011
01001001
0000111110
1010000
011000
000110011
1110001101
100
10000
01000
000010
0111110111
0110100010
0100111
011001101
1110111100
1000100
00001000
0000100000
1111
11000110
0001101
01111001
010111
110011
010100011
1110111
00111011
10001
01101100
01101001
0111
01100
0010011
0101101
101101001
01111100101
0000101
010110110
010100
111101
0001000111
01011010111
0011010
111101100
0110
110111001
011101111
110110
0000001
000101
11010101
0110010
110010
1110010
110111
01010
00110011
010001
10010111
11111111001
00001101
01100110
00001001
111100
1011100
100101
0111
111101
0000110
01101001
1001011
110100010
1001101
011110
1101000
011001
111010100
0000000111
100000111
11001100
11110011
10101011
0011011
111011
0110010010
01100010
10001101
000001011
100
1010101111
01101100
1100110001
0010101111
001011101
0101001
1001011
100101110111
110001
01011110101
00110110
011100
1011001
1111110001
101011
00100011
01101
1111111
01001111
000011010101
0011111
01010110000
100010000
000010
100110
1001000110
00110
0010011
11101011
1101100011
1100000001
01011
100011111000
01001001
101000
0000010000
000000101
000001
1001101011
0110101
011011111101
110111000
00111110
0110001
000000001
11100001
001010000
0001000011
001000
11011
1001000
100000011
1000011
1000000
011111010
000101000
1011011101
01111001010
10101110010
1001100011
00110000
1101101
011000100001
00111011
1001001
001110110
11000011
011101100110
10011001
1110111100
0010001
11110010000
100101
101111010
0000
11101010
100001001000
10001101
110010111111
111010100
1011010000
11100000
11011011011
000100
111010010111
1001111111
1000000
010001
1011011
101111100
110011101
10111
0110001011
0011011
11010110111
1110110101
1000111000
0100001
1100110
100001
100000110
0011111
011001101
10111111
0111001
0000
10011111
01010110
0001000000
1001010100
111001001
11100001
1100001111
10010011
1101101
10000110
0111111
11110111111
000110001
0001100
101000
01101010
01010110
0111111
101110010
00010010
101001
1000110
011010
110110
111101
01110000
000000101
101000000
111101110
111111101
101101000
0101010000
00111010
000100001111
1101101
011100
111010011
1111000
100111101
0000000100111
0111010001
11011
110101001
101011000
0100100
11101001
0011000100
0111011
011110
1011001
1101001
0001000
1111
01011
00001111
011000000
11001001
1000000010
01000110010
101010
110101110
0101110
01111110
100100
000111110
10010110
001100
101101
100001
0100001001
0110100
01011110
10111001
100010011
10101010
00001
1110000
0101001000
011010000
1110100111
100000111
1101010
00110110
11111010
010001111
00111011101
11000111010
0100010
100000
111000010
0000110110
111000111
011101001
0000110
1101
00001011010
110000
1110011
1101001111
10010
10001111
11000001011
00110010000
000000011
01111
101011101000
001110
01101110101
01001101
01001
01010111
0100110
00101101
1000101
111000110
0011011
00010
0011110100
1000011101
1010011
0100010001
001110011
111000010011
1011100
11001101
1010000
10100101
11010
11010101
1001000
0001
110001011
010100001
00010101101
10101100
1100
1110001
01
010010110
011101110
0101010110001
00101001
110100111
1101001101
100100000
10110011
00111011
0100111
011011
0000
01011101
11010100
001101110
0011111
011011
100101111
00011110
10010111
100101110
1010
1100100111
1111000
01101101
0000101011
00000000101
1011
0111010
010101000
100110001001
110101000
11111100
1111011
0101010
100110
10100
11011001100
10010
1010001000
1100111
10100110
0101111
101000101
01000110
101000000
0111001
0100111
110001111
11110011
00100001
11100
1110100001
10101101
000110
0110
101111110
111011
00111010
11001111011
010111
111100
1000010010
010
111011001
1000
0110110
1111
111010
000110
00011111011
011000
11001011
110001100
100111110
101001
01001111
11001110
10110000
0000111
0110110001
1000000
11101
0001000100
101000110000
0110000010
0100001
10000110
11000000
011101
111110000
011001010
0001
1011101
111001
00001001
0101110
10100
1001011
0100110
10110
0010010
0011001
10011010
001000111
0100101101
101111
011101010
10001111001
11010011
01111001
010100
1001100010
1100000
000101011
010
0011100
1011111001
11001101
1010111
1110001
1000110
1010010100
111100
11100110000
000011010
001111011000
001011
100001100
00010
100011011
0111010
01010
111010
110101000
0111010001
101100
10011101
1001111110
0111011
10101110100
101010010111
101001001
011000
0000101
11100001
01101110
000110110
001100
1100101
000001
00111111
01011100
0100010
0000001101
10000010100
0001111
011010111
0101010011111
11011
100101100
100100110
1110011011
001111
001111100000
01000010
0110111111010
01101010
11000000
1011010000
110011
011010000
10000
10100000
110001111100
0101101
0100000
0101111001
0000011
0101101
0111111
00101100
0000111
1000111
011000011
1011111101
110001
01011110101
011010111
0110101110
0000101
00100001
0000
0001001100101
110001
011
010
10101
1110010011
100011100
1111111
0101101
01110011
10101111
0001111110
0010001
0110111
010100010
11100110100
11001010
10010001
1101100
10001000
011111011
100010000
001111010
01110111
0111101
01101111
110111
0000001
00011001
0110100
101100
00111010
0100110011
110001
10010100111
011100
0010001
000001
110101111
11000110
01101011
1100110
100100110
00011
1010100
0001000000
0100010101
010011001
11010011
101101001
100111
010
111100
011000011001
000000000
0011101
00100101
00011101
001111
00111001001
011001
0100110
101110
0111101001
001110
001000
000011011
0110011
0111011110
11101
00000110
111010
011011100110100
11001010
1011000
1000010
111011
0011000
010000010
011010011
00001101
1100001011
000100
01000111
111001
0101
10011110
1010000
00110001
0100101111
0000110
0100111
1100111
100000
00011001
011101111
11101001
011001011
1111001000
1000110000
0000011101
0011011
1101001000
1100011000
100011011
10011110000
0000100
110001010
0011001001
0000101011
101110
01101000
001011101
1010101010
10111010
0101011011
11010011001
001111
0100101
00000001
100001
010001
1000101101
01001
001101111
110100001
01000111
01101001
1000010
0101011
1000100010
01111
110000
0010001
011101000
100000001111
0111111001
10100010
110001
11101000
000010001
0000111001
000110111
01100100
111100001
11111010
000011
011110001000
110001100
0111100
101011010
01000
100111101
0000100010
11011011111
110011
0000110
1001100
00101000
10111
110101100
0100101110
0100001000
0100100000111
110100
0101111
1110101000
0010010
110000
101000101
110011010
111001010111
101101010
0110111111
110110
0001010
00110100
10110101
0100101
1001010111
00000001010
0111111
1101100
100111
11100101011
10001101
01111100
0001011
10100101
0011010
00010000
01110100
10110001
0110010101
0011100
0011111
1100011111
10001
00011111
10010101110
1011011
01000111
00101110010
111111000
00
00010110
10110001
1001001000
0110001100
110101
00001
1110000110
0110100011
0000011
10110100
01110010
00111101
1101111011
00110011
1111011100101
1101110
1000011
00000
011011
000000
1010101000
1001011
1100110
11011010
11001
000100
10001000100
110001001
0001011
110010011
10100101
10110000
01101100
01110110
10001000
000111100
100111111
00101011
101100001
00110000
001000100
11100100
11111001
0001010101
0010111
110101000
0111
011010010
10101101110
0111010
0000101000100
11001011
010111110
101000010
10111010
010111
0011100111
110100
00001001
10011
10111000001
001111000
0011111
11000000
000000111
1000110000011
101101110
001101
1001000
1010110
1111100
10101110
000000
0111000001
001010
11101
0111001101
10001100
000011110
0001000001
11011111
1001101
10100100
111111
001011100111
0101111110
10000
01110
101110
111101111
0110101000
0101010101
110001000
11001101
10101111
100100111
001101100
000111111
1100111
11111101
0001111
1101101001
001100000
01111001100
011010010
0011100010
010001
001010101
1011111111
10001000
01000000
00110001
001010001
101111
110001011
10100
11111110110
01100100
111111111110
0000
0101110
1001
11000100
101100
0010000
00011010
1100010
01011011
01100111
1110001
01011001011
0101010110
0100001
10100
001010
00111001
0111010
001100011
1110011010
111001011
01100111
01010
1100010
0100010
0001001
10000
01000110011
11010010
01011101
1100111
01101011
1010101100
111101001
00100011001
0000001
00001110
010001110
01111010100
1100100
000010011101
1001111
01011101010
010110110
10011
0001001010
10110
100001111
1101010
0111010
01110000101
101111010
0001010111
010000
000111001
1000111
110001100
00011010010
010110000
0010101010
01011101
11001000
1010001
100000000
110111
11001000
1101101
101110011
00111100
00011101
101110110111
0000010
100100000
1000100001
1011111101111
100010001
01011001
111001
100010011
0010110001
00110111
011010
101010001
100010
01111
0110101
1101100
11111100
1101011
0110000100
1100011011
11010
100001
000111101110
100111110
0111001
101100
00110101
11110
1000011
01110011
0111
00010010
00111
00011010101
0100100
10011000
1110000
010111101
0011000
01001
01011011101
1110001
000011101
01001011
0011110
10001111010
1000000
100011000
111110111
0001010
01101011
0100001110
10011
0111001101
0111101
010011
001111
1001100
11010000
110010011
110001010
0101101
100110011
0101111
1101111001
001111
0110100
0000110
1011111
1010011
1111111
111000
011110
001110100
0010010
01000011
1101110000
10111011
11110101
100111000
111011000
0101101
0101111
100111110100
11100
0010100010
0110
010100011
0100001011101
00111001
001000000
00111011
1001010001
00001110
001111
1100111111
0011111
10100100
0101100
0111101
10001111
0011110
111000001
0111000100
101100100000
00010000
0010100010
001011
000000000
11001000011
100001001
111011
00111100
01110100
0010000
1001000
000011011
1100010
000001
000000111
0000011
11111100
011010
00110010
00101010111
00111101
11100000
0001100
100011001
0101000
001101
00010
11110111
0101111
10010011
111001
01100111101
1110001101
111000011
101000111
1110100
00011010
1101011101
0111001
10111111
111100001
010000
001100110
0011101000
101001110
0000011
1001001000100
11010100111
00101111
1111011
010001111
01110001
0011111
00111111110
110101010
010010011
0000011110
1110110001
0110010
010011
0101001
0000110
111001
1101000
00010100
01000011
0001011
1110000111
011000000
0111
1111101
0011011011
01001
11100101
0111001
00110000
011001
000011000
11010
000101101
1010001
101000110
1000
011111001
110100110
0110010000
0000000011
0011001010
10111110011
101100111
11011010
110111010
11100010
00011100111
000001
01100001
110100111
10001
0001001
10101
1111111
11101111
0111000111
111011
110100
00111100010
00111
1001000101
110110
0101011
111101001
00000100
111110
00101110
10100110
000100111
11001000
00000011
000010
001011
101110111
10111110110000
110011111
10001010
10001000
00000
0110010101
111000101
10001001
110110011
110010000010
10111100
10010100
101101001
0000
000101
100001001
1111110
00111
010100010
1111
011111
0001100000
1101111010
11000100
1011011
10100100
000000000
000101
01001110
10010001101
10000101
1010110010
1001110110
01000010000
011000
101010110111
1000001011
01111001
00111
1110100
00011111
01100101
11010101
10100000
1111110001
100101111110
0101110
101011
111110
010010101100
1001000010010
1010101
000110
000000011
111101
011100011
010010011
0101010
1100001
0100100
1011010110110
00011000110
0010001
011111011
1111001
1100
000100011
0110000
110100
101001
110111
01011101
110100100
0011101011
00111
000100111
100111011
001110
000110001
01000001
0100001
110011
0100011111
10000011010001
101011100
00111100
00011110
00101100
00100100000
0001001
00101
00100
10010
100010101
01000
100101010010
10111101
0010000001
10100
000100010
00010
0110001110
011100
100
00010001
1100
010110
000111001
1111101011
011001110
1101001
00011100
0010000110
00000101
1100100111
010011
1100101
01010
100011111010
1011001
11001100
0011101101
1001011
1000111100
0110001
0010001101
010101111
00000000111
11010001111
00001
10100011
0111100110
0110100000
1011011010
11000
101100001
1000111
110010011
11110000
11101111
100101110111
101111010
10111010
0101111100
0111010
10011010
1011011100
101111100
1100011
00110100
000110000001
0010111100
10000
1101000001
1100001
1011011001
0011000
1101000100
001111000011
11010101
01010100000
1100001001
00010111
1011001111
100100100
0000000101
11011011
0101001100
0100000
001101
111
0010010
10100111
100010
010110
10001
10011
111001001
0001101
11100
01010111
100101
100111111
001011
010111011
011001
11100010010
010001
001010100
01100011110
01001000
1010110
10111110
00101
11010000
11010
000010100
101010
0000000110
010001000
100011
001110000
0000111100
11101011001
101000
10011011001
01101010
001010
010100
0100010101
001001101
01100011
1010
0011110000
1010101011
1110
1010000
000110
011100
1101000110
1010100
010100101
1010101011
11111111
1101100001110
1100000100
00100010
1010
0110110
11110
0010101
0011101110
0110000
1111010
00001001110
0101110
100110
111100001
1101111111
0110101
011101111
100000111
10000000111
010010010
1110100
1101001110
101001111
100100101
100000
1010100
1101101000
01000
00001101110
00111011000
00110010
01001101
011110000
001000000
00110111
001
1110111
1101111101
000101000
1100110
0110000
101000
0101001
10110010
11110100011
0100101
111011100001
1000110100
11011001
01001111101
010111101100
100101100
0001100
100100101
1011011
01001100
010111
01000111
1101110
0100001
01100011
0100111
101100011
10000010
1010010
0001110100
001111
1101
10110111
011100111
10110
0100
1000111
01111110
010100
11000011011
1110011
1000101
01010000
00110011100
0010010
011100
00011111
10101
11100101
0011011
100011000101
101010
0001
1001111
10000001
101
000111
10001
101000101
001010
11010
011101011110
001101110
0101011
000000
00110110
01110000
00001100
10001
1101101010
100101000
110101
01010
011001
101110
00001110
111111
011100011
011011
010010100
00101110
1010
0011010101
011110010
11101110
100101010111
11001101011
010
001010
0001110011
11000100111
1010111
10101
100000
110001011
11011111000
11000011
00000
0110110
1110101001
010010001
11000
101011101111
11000101
00011110001
1000000
00110001001
0001111
0100111
11101101101
10110100
0100010
0110100011
01010000
011010
001101
010001000
010100000
11111001
1111001
011101100
0101001
0100111
10000000001
00100111
110110
111110100
1100010001
1100001011
10011110
0100110011
01101010
01111101
00000111000
101000001
10101000
01000110
0001
01011111110
0000110010
101000100
00010
1010110
110011010001
010111
0001110
0000010
0010110
001000101011
00000
0001010000
01110
000111
00111
0111111
00011011
1101000100
001000111
1100111
101011
0000101001
110010001000
011000
11101000
011010
110010
00001111010111
0110001
1110001100
0110101100
1111000
01000100
01000000
10001001
001
011101011
11101011
10111
000011
01100111
111000011
00001100
0111100011
1101100001
0001110011
1010100
000001010
011010101
0100100
1000010
000001
0011000111
01100
000111011
00101011110
001100010
0000010111
0111110
110010000
0001
1101100
0001001100
0000100011
101010
10101010
11011100001
100011
001000001011
00000
1011000
110010001
1111111
1100000001
110110000100
0100111
0010000
01111111
011100101
1000000101
011001
001011010001
11001111000
1001110
0111001
10001
1110100
000110011
101001000
0110000
0010100110
111001100
0010111
00000010
1111101
11100
01101010
10011
01101110
101010
110000101
0000101
10000100
101010001001
101001000
001101101010
110110
000001
11011
01001
01000110
110100
100100
10110
0111000
0001011
01010111
110110
01
00100101
1010101000
01010
101111
11001001
00100011
0000011
000000110
001000100
1101011
0010111
1101011
00101000
11101
10100000
1110111100
0100100
000100010
1010010
1011011111
011111011
010010111
100110
0111
101111011
100001111
011001
010100
1001100
00111
0110101
100011000
100011
1111000
1100111
10101010
011110
11100
010110
1000001010
01000110
11111100
000011
111000111011
111011
001101110000
110000
11101001
110101
00001
11111100001
01011
000111101
0011011
0111111
010011000
010010001
1101100
000101
1001110
000000010
101110111
010110111
000111011
0001100
100001000
00101011
001101
10100000
010101
11110111110
01111111
010010
11000100
1100101
01000010100
01110101
011001001
100011101
0010001110
0110110010
0111
01110110011
01000001110
111001011
1000001
0000111001
10001010
0100111
10100
0110110
100001101
1110110000
01011010
100011
01101011
01100
001011100
00101101
00100111
0100001
100000
0101
0100
100011
111111001
111010001
001010
0010
100111010
00011011
01011111001
01110001
11011
01101
0000000001
00010101
10001110
011111101111
01111
101001111100
110100
000100
1101001
0101011
00010000
001001
1110001100
00111111100
100100111001
00000001100
0111100101
00101011
111101
00000100111100
10111110
011011001
0000110000
1111000111
11011010
1011110
011101011
110110000
001110
10011110
010100000
11010010
10001000
1111110
0101011
001111011010
0101000
0000101000
10000111001
0001001000
0100110
001011110
100001
10101000
011110010
0001101
0111000110
0001010100
11100111111
101110000101
001
00011100111
10111000
101100011
11111101
0011110
10111100
00111111
00001001
1110101
000011
11111001100
0001001010
100011001
01001001
1100001
0101001111
1001111
010100011
000100001
111101101
11010110010
010101
1011011111
0100100
1000110101
1010110
001100101
0011110
01110111
01110101
000000
00001110101
11110010
111100000001
100000011
00010110
011111
000000000
00011011
0001000
100010011
010000
0000100
10010001
0100101111
110110110
10111
100100010
00110001110
0100000000
0101111
11000001
111010110
1001001
110100110
100110111011
0001001
101101111
011011
00010
001100000
01100
0100100
101001
1010101110
01010011010
01101011101
001001100
10101000
11111
0010
11000100
0000011
00110
1100111
0111011
0101001
01011010
0011001
011111100111
10111000011
010000
10100
011111101
0000101
001011011
0101011
0100001
00010
00111000
0000100110
0001
01110000
1101101110
1100101
001011
00111001
11010110
0111110
01000001
101111110
00101100111
1100110
0100011001
10001111100
010101011
10100111
110101
111101100
011100110111
000000
101100100
100000
01110111
1111101
10111001
11100111
1110000
011111
011000000
1110010111
01000111
1100011011
100001110
0110011
101100
1100010
0110100110
0000001
0010010100
1001100
0101110010
10011
000101110100
10100010
10011010011
1010110001
11001110001
101101101
0100010111
0001000100
101111101
1110110
01101101
10111
101000000
0101100
00000110
100111100
10111011111
0110
1010001101
001001011
10101101
1011100100
11111010
0110111010
000110
011110111001
1011100101
111011001
01011
111101
1010
1100
1001001001
100111
01110111
1011101
11110100
1101100
100
01001101
1110111
0101100
111110000
1110011
01101110
1110110
110100110
1111111100
011101101
0010010
1000000
01000
011011
01110100000
0001101000
11000001
010
011101
0001010000
0111101
00110
11001010
1101010
1101111
1110011011
100110111010
00000
01101011
001100110101
000110001
00011
000010011
01101001
1101001
111011100
0011110111
111011101
110010011100
01010111
100101
1001001
000110
10100001
01011110
0110110
10110011
1001110010
0111100
010101000110
000110010
1111111100
100011
1111001110
000101000
001100011
011011100010
010001
11100011
101110
100010
1011000011
000001011001
100001
11111011
10011111
0111001100
101001101
0110111
101010010
00111001
001100011
1111110100
0001010100
000011000001
01011010110
110111000
00111
001010110
00011100
001010001101
1001110
0001010
110011010
1010100
00110111
011100001
00011101
1100110010
10000001
100010110
1000111101
0111010110
00000
1101001
1011010
0111111
0011010
1101001110
00010010
111001
1011100
11110100
10110
100110100
100100
1010010001
0000010
000100101
1111000
00101101
100000
1101001
10010110010
00111110
10010100
0100011
111000001
011101
10100110
10101
101101101
1101001111
0100110111
000000
0110000
11000
00011
1011010
010010
0001100
001100010
10011001
010000
101100
10010111
0111001
0101010001
00100110110000
110000001
01111
011101
0110010
01100001110110
001111
0100100
00100111
100011000
1001
0000001
10110110
1011111
10100
101100000001
1110010101
110001
0000100
11010
1011001010
010001011
1011100
0101100
001001111001
111111
10011010
00011000
0101101
101001
0110110000
00001
111110
00010110111
0000000
011011111000
011000011
100001001
0101110100
11011111
10100000
1110111001
000111
00001111
0010011
011110111
001110
010010000
10101001
11101111111
1011111
10010101001
1000110
1001001001
0101101
0100
101100
001000
010110011
1110000
01101010
110100101
0110101011
00010001101
0110001110
011000101
101110
0000000
0111011
110010
0010000000
110001
010110010
010000000
00010011011
0111000
0101011001
001011110
000000
000001
01010
1011111
00001000
1011101000
10001011
11010011
011110110
000100
1011101
10110011
101100
0110101111
1110
1011100
101000
0011101
101110
1000101
0000011111
11100110
011101111
00
11011110
1000
0111
00101011
011001
11010100
10100101
111110
0110001
00011010
101001101
001111
1110011
01001011
01100
10010011101
101110
1111010
00101
10110100
01011010
1111
01010101
000010
11111001
100100111
1000011100
1100100111
011100010
101011000
1011111
10100110
111001110
1001
1000110011
001001
001110
1000111
010101011110
0010101101
001010101
01101100
110000101
1101111
00100101
101100000
00100011
00110001
110011
11101111
101101
1010000
00001110
0101001
00011110111
011010
10110
0011110
1011001
11000111
001001100
011100
1111111
10011100
00110100
10111
011010
1001001
111101100
11010
10001
10001110
10011
010001
0000011010
00011110000
0101000
0011110
00111100
11111100
1110110001
11000001001
010000011
0001011
00000111
01001101001
10011100
11100101
100001
1000111
001
01110001
0010001111
00101000011
10100
011001010
00101110
11010101
001010100011
011
1101010
0110111
10101
10010000111
0101010
011011010
0011001110
10011010
110101101000
000001111
0100100
111101100
010100100
10001101
00010
1110000
1011111
0000100
0011110
01011001
110111011
000
0010011011
1101111100
011011
11101100
001100100
010100
10111101
0110010
111000
0001011000
10010101
1100000
111111
0101010
0101101
1100111
100000
0010011
1000100
0100
110010110
0110000011
0100101
00110010
101000001
1000011
00111011
101100000
1000101011
0110101
110110
10010011
110101011100
011001101
0000111
0100011
11101001
111110
1101000
1101110000
101100100
00111001
10101101
11111010010
010111011100
001111100
00011001100
0101011000
11000
101001
101111100
101
010010010
1101
1010
001000010
1000
110001101
000100011000
1100100100
010001
110111001
11010011110
100110100
11010101
11101000
100101101
10101101
1011110
100000000
10000
1110010
11000101
0110110011
111011011
111011010
0110110
001011
0110100000
0011000
0101100001
1011
0110100
111111110011
10010011
011000
1111010000
1011001
1101100
00001000
1001101
001110111011
010011000
0111111
01100101
110011100111110
11010000
0001001111
11000
11110
0101100
0100010
1011001
11011001
001010
1011101101
0010001
1000000
0111000
011110
001110010
01111110
11101
01111011
1110100000011
001101101
10011101
01011110111
111001110
11000101110
0000000111
111110011
0111001010
01000000
1010101010
111000
110001000
00001000
10001010101
1100101
11101
0101011
01110101
11110011
001010011
1011
11100000100
100010100000
1100
010101101
111000
01011100111
0001110100
010111111
11010111
0110
1011011100
10110001
011101
000111000
1101001101
1010110011
0001001
000010000
0101100
1010110
1101
00100101
101001
1111000
1010001
111100011
0110010000
01000011
111011110
11010001110
010000110
1000110111
11010101
11110011
0010010100100
110111011
11000000
10100
0011000
011011110
011000
1010100000
01101
1101110100
1111000100
11100010
1100
1011001011
1111101
0101111010
110100
1100
100010011
10100000
110001010
01000110
11100
001110
0001000
10000
01001010
001011001
100000
011110
001100
001011
001100010
01010011
00011001100
00011110
00110011
10011
111001
1000011101
111100111
111011
11010
11111010
1111100111
0001100001
1001010
00
1000111
011111101
100001
00111110
010
001111011
000111
10101001
10000111
00000100
1011100100
001111
001001000
111010011
111111101
01010111110
100110101
00000111111110
011010
1000010
001111000
00001
101001100
011110
0100101
10011110
00100010
011111011
000111100000
000100
010110011
0100
11010
1001110011
0010110
00111101
1010011010
00110111
00000
0111111001
1111010000
1011100
0101110
0010000000
11011101
0010011010
10100110
111011110
0110100
010110
1111001110
01001100
010101011
10100011
11001101
00101110010
101100100
11111110011
0000101
111011010
1110000
0101010010
10110110011
1010001101
110011
10011111
111000110
11101101
11110101100
100110001
0001011
101000
100001010
1011
011011
110110011
100101100
100101101
0111100
0001110100100
10010010110
11100
1111000
11100000110
010011110
0101100001
11010100
0101101
110001
00000101
0000
101000100
0101010
11101
10110011
10000101
1001110
000111
1010011001
001101
00111110000
001011001
10011000
1101111
00001010
1001100
000001
00001100001
11010010010
0001100
0010010
101111110
10111
01111110
1101100
000001111
1111000000
10011111
10000
01110000
10110
0111
01010110
111010110
1000001010
0001000001
000011
10001111
00001001
010000001
1101100110
11001110
100011
0110001011
11010000
101001110
10011010
0100000
0100111100
01100
011111
010101000
010110111
111111000
0100000
11001
11010
10100001101
10000111
01110
10111011011
010111101
10110
00101110
00001001
111001
110101110
1001010
101111111001
010001101
00101100
0111000
001010
0101100101
0101100
10111011111
001111001
10110101
101001
010110000
0010001100
10001
11110011
101110110111
110010011
1101
11000
01110
01001
10100010101
1101000100
01110010100
0000
101010100
101010
101101010
10011111
0111001
0001000011
10101001
1011111110
001100110
111110
010010
100101
0111011
00110010
10001010
00100
0111101111
11000110
00101101
111001
01111011
011011100
010111
0011000010
0111101
110000
011101100
00000011
111110010
0110100
0101111010
00110010
010111
100010001
100100001011
1000111101
11011001100
01000111101
111010010
10001011101
0001100001
111011001
100010010100
110111
0101101
101010110
1001001001
001100
101101
0100011010
10011101
101010100110
011011
10010011
11110100
001011001
0001
10110
00111010
010000110
01111011110
010101
101111
0001110101
101011001
001010011
0110101001
0111001
1110000111
010110111
101000111000
1101010111
000010
01011000101
00001101
01011
00111111
10110100
1001110111
0010110
11101
000101
0010011
00110101
01001100
11101110
1110111011
1111001000
000100100
000010
101111
1100101
0001001
0010001
011100
010100
1001001001
11101011
0011001011
110000
1101110
00110
10101
00011001
100010
100110100
010110
11010000100
01010000011
11100000
01010
00011000101
1001100
0001100101
0101011011
001111001
011110
1001101
010100
11010
100011100
110010111
1101010111101
110011011
0110011
0110000010
1110
10100010
101010010
101010000
010101000
1111001
10000111
1100001111
0010
1011001111
100001
010101
10011011
11111011000
0000111
00100011
1011010
0111101
0110
110101001
00101011010
100000100
001010001
00000
01110111
0110100
10
0101110
1111111011
01111
01101000
11010
01001011101
0010001
011010101
011101
000011111
00101
110100
111001
0011100000001
110
111010011
10010101
00110111
111111010
10101
1001010100
10111001000
1101
0100100001
01011111
100110010
00000
0100011
10111000101
100000
11100100
11101010
010100
01101011
1101001
01010101
001001110
0110111010
0001000
101010111100
0100110
1011
1000000
01001101
011001
0010010
101001110
00111111
001001011010
10101110
0110101
0101
1100000
001010110
01000101111
1001001
01110
0100100100001
0111101
10110101
0010001
001011011
0000100
110000
101011010
01111110
0001101010
011001
101101
100100
00000001
111100110
0110001
0001001101
10000111
1110100110
110011
1000110011
000100011
101000001
1011011010
11001110
00001000
11111110
001111111
1111011010
0000001
111100010
0011
101011011100
0000110
1011101
10000110111
1011110111
1101000
11000100010
011111
011011110
111000000010
01100111
1000000011
11100
10001
110100100000
1011010
11110
01000111000
100110011
10110011
00111010
1001101011
0110011
0100011
000111
0100
10110011
010101
01001001
0110
1101010011
000111
011111010
10110
100000001
001110011
011010
11110001
1101111
101001
0001010
100011000
1100100100
1011101
100001100
01001
00100
1001010
001111
100101110
1110101
01011000
010100011
1001101100
101010
0000110
10110101100
01110111011
1101001
1010100
1011010011
0111110
011000101
01110110001
110110010
011110101
1110110
001101100011
10011000111
10000
1011111
10011000
11001011
010000100
100011001
00000110
10101001110
010111101
001100
0111010001
1010111
0111110
000000
0001000
110011
1100010
00011001
111111001
111000
01111000000
11010111011
10001101
11001
010101
01110111
00001000000
0010000
00101100
0000100000
0110001
0000101
000111100
0101101100
1010
011111
1011001001
11101101
100010101
101110111
000011
10010
001010001001
0110000001
011100100
101101
110010111
11000100
010101
010010010
0110011
0101000
011001011
101000101100
111111101
010101001
1100101
00101010
10101110
11001111111
00001100
0010
1100001
11100010011
1110011
01111010101
0100101
1101011001
01111111
01011000
0001100011
1100000
00100101110
0000111
0000110
101100111111
01000101
01111010
111011
11000001
11110100
010010001
011100010
00010
01000101
00010011
1110111
0011110
0101111
01110111
10110011
11111
10010101010
1001110
101100101010
10011011
0111011
101010
0000000
0011110
010100
1110
111001100
10100000
000101110
11110110
011111011
110111001
0011001
01001101000100
1111
100101100
101110101
011110011
1100
1011
1101101010
0101110
1111111
000101010
1111010
1010010
111111110
0111001
11101111
1000100
11011011
100001
10001111111
0010100
101111000
110101
10000101000
01000110
1110
111100
001000101
11011011
1101101111
010001
0100001
010111101
0111001
111100111
1100010
00111000101
001000
01001110
1100000
10001
0000100011
11101
010010101
00000001001
01110
001000000001
00100
00101110001011
01011011
0101111
1101110000
000110111
10010110
110000
10101111100
10011110
0100010100
0101001111
011110000
11001010
1011101100
0010010100
11010110000
1011001101
111111110011
0001010101
0100101001
0000001
00110101
100111110
001100
0010001001
100100
00110111
0100111
100011101
1000
0001000011
1100001
000111
111000011
11110011
110100100
011100
100100011
000000111
1100001
111110110
011000
001011
011010
010001000
0001
0111000
101001
11000100
0000100
011111100
101000100
1100011
110000101
1000100101
1001001
0011000011
101000
1101100101
1110011
010100
0111011101
111011110011
001110
111111111
010001
1011
011111011
10100010
00110
01100000
01100001
00010010
101010011
11001001
0110100
01111011010
1100010110
000000100
00010110
1011101
10011
111010100
0101111
11001101111
10101
00111
0000010
100000
10001110
11110100011
1100100
011111001
0101111000
11111
00000
100010101011
10111
01001011000
10011
001101110
100001
1001100
0111100
011000000
1011101001
110010110
0111010111
111011100
010010101
011010
1111011101
00011101011
11010111101
000
0001111
11111000
111110001
101101
0010010
10001
01000100
001010
10010011
11110100
11110110
0000111011
0000001100
1001100110
1100
000
111110
010101101
1000110
010011
110111010
1000011
0001111111
0001101
00000011
001100110111
000101010
010111100
0111000
0110011
1111101
010010
1001
000011111
0111011
1010011
100011
00010010
11111110
0111111110
0110101
001101
00010010011
111101010
1100011
01111100
10111
111000
10100001
111110
011101000
1000011
111001101
0001
010100011
10100
001000101
1100011
00101001
01000101101
001000000
0110011
010010
00101000010
1111010
010010010
1010010
010010
1101110
1110101110
100
000
00011100
1111011
0100001
110011111
11101000
10101010
11110010111
110100010
00110111
0101010100011
011010000
1101100
0111101
1000000
110101
1101
101011001
01111
00110
111101100
0010101
10011001
100111
10001010
1101000
111001
111101
0011101101
00010
01001000011
00001001
11011000
001100
000111
1101010
11000110
010011100
01001001010
100110100
0101111100
11000010
10000
1011101010100
010001100
00100
01110101110
001111111
00101111
001010111
00001010
01010011000
0001011100
1001101000
100110101
001101
100110
1010010
11111
111111100
101110100
001101111
1100110
101001101
0110011110
0101000
00111
0110111001
1010001110
01100111010
110000
100001
001001000
00101000
01100101
00011011
100011010
010010
11100001
11100100
1101011
11010011
111101
1100010101
01001100
01100011100
1000110
01101110
000111
001010
11101
00110000
00101010111
0110010
1011001
1110111
1011
10000100
1010110
0110110
10001111101
10101100010
10000011
01111
1110001101
110001001010
100001011
110000
010010011
0011011
1011110100
0101011100
101110
110000111
1011111011
0000100
1110111
00001101
01100111101
11101
1011111
011111110
010000100
1111110111
101101
010110010111
11000
100110010
11011010
01
1101100
10010100
0011110110
0100111101
001010
00100000011
0001111111
010001
1111111
0000011110
01000011
101001100
01011001001
10101010010
11111010
111010000
111010100
0111011
100110111
011010
0110001
0101111
110011001011
0110101011
0010001111
1000011000
11101011111
10111010
011111
111
00100
111111110
10011010
1000111011
01100
1011001
1100000
0111100
011110011001
01100110
0101110
11101010110
001110000
01000
101010
100010000
101011010
10111001
010000010
00111001
0001001010
10001010000111
10100100101
00010110110
01100001
0001101
10010101010
1111
101001010
111111
0100
01101111
10000110
011000
01101000
111000
011111011
011000011
111100110
11010
00000000
111000
001111011000
100110
1110111
01001000
010100100
100101
0011010
00100110
001000110
10011
000100111000
1000100
00000000
100100
11010101
010001
101111010
111
001110010110
000001011
111000
11100101
0001100
110110010
1101100001
10000111
011001
011010
0010100
0100001001
0001100011
000100110
001100101
0110001101
0110
1100110
010100
0110111
000110001
000110100
1111000
01011101
11101101001
0111010101
100000011
11111000
011001010
0101110
0001010110
01010010
0011101110
01011110
0101
01110
11111001
110000
100001
10101010
01001110
01111010
00111111101
0001
10001010
1111001
1000001
111001110
1000110
01001011111
1110011111
001101110110
010011
101100100
111010011
00100101
00111111
100100
011110011010
0100101
100001100
1100011110
011101
001111
110010
010101
111001
000111011
100001010
11010
110010101
1001000001
0011110010
01110000101
1101
1000011101
10010010
1101010101
01110101
0001001
10101101000
11011101
1000001
010001
0010001000
10000111
0100001
110101000
10111100
100000
0010111111
001111
01110000
10011111010
110001
01010011001
1110011
1001101
110010111
0110011000
111000111
1010101
100111110
001111
1110001110
1101011
111011110
0011111
111001011
111110
000110000
1111010100
0101100011
110101110
1110001111
0011001
00001101010
0010101
11010000
101100
1110000110
000101101
000010
10101010
10001101
10101000
000111011
1001000
0111000
0010110110
100111001
0110011011
10100011
01001110
111111010
100011101
010001
00011010
101100011
111001
110000010100
010
01111000
00100100
000110100011
001100101
01110100
01110001
000011110
00001101
11001001
01010000
1101010
10111111
101111101
00111110
0100000
000111100
0011010010101
0011011110
1000101
10011
10001110111
00001100
010011
0010100
11111110
011111101
0001101001
111011
0000101111
001001
001100111
111011010
10100011
01001
111000111
110001100101
0001010101
10110001010
10000110
0010001
1110100
111100111
100000
110100100
0011010
010010
0100000111
001000
011111101
111011001
11010
011111
1100010110
000010
010101100
0100110
1111
101000010
1111010
1010001110
1110100
00001111011
0100100
00010
00111101110
0001011101000
1011101110
10000001110
10000000
010011
1001101010
00101
100010111
10000000001
001100110
01001
11101100
11100010011
0010111
00000110
1111010
1100100
00111000
1101
00111
111100110
1100
1100000
01010011011
011010000
011110
0010100011
000000101
100000
11010001101
000001
11010110001
000110111
1111110
0110
100110111
11011
10000
000010
1010011110
010011100
101000
0011
0011
0100111111
110000
11110111
00101
11001
001001100
0000000
00011110000
00101010
111010111
000111111
11001
0011101
010100111011
100101101
100
111000111
1001011110
0000101001
100011000
110100001
1110100100
1000001110
01001
1100011
1100011111
011111
11000
0001000
000001011
1000111
0110111
10100100
1001101
1101
0101001011
1101111
00001
11000
11000100
1011101110
0011011
00000001
100011
0110101011
01111001010
00010100
01010101101
0011
10001001
0001000110111
1000100111
10101000
101101
00110001
100001
011101
010010
1110000
001111010
00111010
10000001
1000001
11101101
0000100110
001100
01000
10000111
1011101
0010100
010010110
10001010
110001110001
011010
010111000
01100100
0101110
00100
011111
10001111
1001100
01101000
10000101
010111
10111011
00001
01101100
1111110
11011001
10010011
10000101
11101001
0101001
1111101
10110111
0101100
0000011100
10011101
1010110
01010000
00100011
10010
11100100
000100001
101110
0101111
10101010
000101
011001111
001111
100000011
0110110
110011000
0101000100
01011100101
001000101
00101
01100
010110
011010100
0010011111
111011
100010110
01001
00110010
011111010
101111101000
01100010100
